Fecha,Hora,Medio,Tipo,Sucursal,Cuenta,Autorizacion,Monto,Estado
20161209,2217,2,4,0519,447,000000000001,000000020000,01
20161209,0930,1,4,0943,999,000000001296,000000500000,14
20161209,0930,1,4,0551,999,000000001297,000002000000,06
20161209,0930,1,4,0551,999,000000001298,000001000000,06
20161209,0930,1,4,5726,999,000000001299,000000100000,14
20161209,0930,1,4,0093,999,000000001300,000000500000,28
20161209,0930,1,4,0268,999,000000001301,000002000000,01
20161209,0930,1,4,0054,999,000000001302,000000350000,21
20161209,0930,1,4,0303,999,000000001303,000001500000,11
20161209,0930,1,4,0110,999,000000001304,000001000000,14
20161209,0930,1,4,0105,999,000000001305,000001000000,01
20161209,0930,1,4,4725,999,000000001306,000000500000,11
20161209,0930,1,4,7396,999,000000001307,000001500000,01
20161209,0930,1,4,0384,999,000000001308,000000111111,01
20161209,0930,1,4,0893,999,000000001309,000000500000,28
20161209,0930,1,4,0268,999,000000001310,000005000000,01
20161209,0930,1,4,0115,999,000000001311,000002000000,01
20161209,0930,1,4,0008,999,000000001312,000000487500,26
20161209,0930,1,4,4114,999,000000001313,000002000000,23
20161209,0930,1,4,0525,999,000000001314,000000270000,01
20161209,0930,1,4,0525,999,000000001315,000000270000,01
20161209,0930,1,4,0525,999,000000001316,000000614000,01
20161209,0930,1,4,0525,999,000000001317,000000312000,01
20161209,2240,2,6,0519,045,000000000002,000002500000,01
20161209,2242,2,5,0519,497,000000000003,000000100000,01
20161209,2244,2,6,0519,003,000000000004,000000100000,01
20161209,2244,2,4,0519,888,000000000005,000002000000,01
20161209,2245,2,4,0519,595,000000000006,000000100000,01
20161209,2245,2,5,0519,776,000000000007,000000300000,01
20161209,2246,2,4,0519,274,000000000008,000000100000,01
20161209,2246,2,5,0519,600,000000000009,000000050000,01
20161209,2246,2,4,0519,285,000000000010,000000020000,01
20161209,2246,2,4,0519,393,000000000011,000000020000,01
20161209,2246,2,4,0519,895,000000000012,000000050000,01
20161209,2246,2,4,0519,384,000000000013,000000010000,01
20161209,2246,2,4,0519,094,000000000014,000000030000,01
20161209,2247,2,5,0519,762,000000000015,000000100000,01
20161209,2247,2,4,0519,491,000000000016,000000020000,01
20161209,2247,2,4,0519,386,000000000017,000000500000,01
20161209,2247,2,4,0519,909,000000000018,000000100000,01
20161209,2247,2,5,0519,506,000000000019,000000040000,01
20161209,2247,2,4,0519,791,000000000020,000000100000,01
20161209,2247,2,5,0519,682,000000000021,000000020000,01
20161209,2247,2,4,0519,894,000000000022,000000050000,01
20161209,2247,2,4,0519,186,000000000023,000001500000,01
20161209,2247,2,4,0519,434,000000000024,000000050000,01
20161209,2248,2,4,0519,033,000000000025,000000000100,01
20161209,2248,2,5,0519,510,000000000026,000000030000,01
20161209,2248,2,5,0519,456,000000000027,000000100000,01
20161209,2248,2,4,0519,617,000000000028,000001000000,01
20161209,2248,2,5,0519,097,000000000029,000000200000,01
20161209,2248,2,5,0519,388,000000000030,000000100000,01
20161209,2248,2,4,0519,365,000000000031,000000015000,01
20161209,2248,2,4,0519,890,000000000032,000000010000,01
20161209,2248,2,4,0519,991,000000000033,000000100000,01
20161209,2248,2,4,0519,316,000000000034,000000030000,01
20161209,2249,2,4,0519,689,000000000035,000000020000,01
20161209,2249,2,4,0519,571,000000000036,000000100000,01
20161209,2249,2,4,0519,573,000000000037,000000500000,01
20161209,2249,2,4,0519,492,000000000038,000000100000,01
20161209,2249,2,5,0519,297,000000000039,000000100000,01
20161209,2249,2,5,0519,297,000000000040,000000100000,01
20161209,2249,2,4,0519,313,000000000041,000000050000,01
20161209,2249,2,5,0519,472,000000000042,000000050000,01
20161209,2249,2,4,0519,388,000000000043,000000100000,01
20161209,2249,2,5,0519,527,000000000044,000000050000,01
20161209,2250,2,4,0519,656,000000000045,000000040000,01
20161209,2251,2,4,0519,099,000000000046,000000050000,01
20161209,2251,2,4,0519,955,000000000047,000000050000,01
20161209,2252,2,4,0519,153,000000000048,000000100000,01
20161209,2252,2,4,0519,097,000000000049,000000200000,01
20161209,2252,2,4,0519,573,000000000050,000000030000,01
20161209,2252,2,4,0519,291,000000000051,000000045000,01
20161209,2252,2,5,0519,945,000000000052,000000005000,01
20161209,2252,2,4,0519,494,000000000053,000000050000,01
20161209,2253,2,5,0519,907,000000000054,000000500000,01
20161209,2253,2,4,0519,397,000000000055,000000200000,01
20161209,2253,2,5,0519,484,000000000056,000000020000,01
20161209,2253,2,4,0519,231,000000000057,000000015000,01
20161209,2253,2,6,0519,002,000000000058,000000200000,01
20161209,2253,2,5,0519,157,000000000059,000000200000,01
20161209,2253,2,4,0519,490,000000000060,000000100000,01
20161209,2254,2,4,0519,990,000000000061,000000020000,01
20161209,2254,2,4,0519,792,000000000062,000000050000,01
20161209,2254,2,4,0519,976,000000000063,000000400000,01
20161209,2254,2,4,0519,398,000000000064,000000050000,01
20161209,2255,2,5,0519,308,000000000065,000000005000,01
20161209,2255,2,5,0519,759,000000000066,000000030000,01
20161209,2256,2,4,0519,486,000000000067,000000050000,01
20161209,2256,2,4,0519,535,000000000068,000000100000,01
20161209,2256,2,5,0519,369,000000000069,000001000000,01
20161209,2256,2,5,0519,243,000000000070,000001200000,01
20161209,2257,2,5,0519,980,000000000071,000000100000,01
20161209,2257,2,4,0519,193,000000000072,000000020000,01
20161209,2258,2,5,0519,123,000000000073,000000500000,01
20161209,2258,2,4,0519,599,000000000074,000000000100,01
20161209,2258,2,4,0519,999,000000000075,000000010000,01
20161209,2258,2,4,0519,913,000000000076,000000025000,01
20161209,2258,2,4,0519,913,000000000077,000000025000,01
20161209,2259,2,4,0519,781,000000000078,000000030000,01
20161209,2259,2,4,0519,990,000000000079,000000050000,01
20161209,2259,2,4,0519,654,000000000080,000000000100,01
20161209,2259,2,4,0519,999,000000000081,000000020000,01
20161209,2259,2,5,0519,451,000000000082,000000050000,01
20161209,2259,2,4,0519,908,000000000083,000000100000,01
20161209,2259,2,4,0519,097,000000000084,000000020000,01
20161209,2300,2,5,0519,930,000000000085,000001500000,01
20161209,2300,2,4,0519,294,000000000086,000000500000,01
20161209,2300,2,4,0519,958,000000000087,000000050000,01
20161209,2300,2,4,0519,961,000000000088,000000030000,01
20161209,2300,2,4,0519,196,000000000089,000000400000,01
20161209,2300,2,5,0519,552,000000000090,000000100000,01
20161209,2300,2,5,0519,505,000000000091,000000050000,01
20161209,2300,2,4,0519,200,000000000092,000000015000,01
20161209,2300,2,4,0519,215,000000000093,000000015000,01
20161209,2300,2,5,0519,777,000000000094,000000100000,01
20161209,2301,2,4,0519,285,000000000095,000000000100,01
20161209,2301,2,4,0519,094,000000000096,000000010000,01
20161209,2301,2,4,0519,991,000000000097,000000100000,01
20161209,2301,2,5,0519,983,000000000098,000000020000,01
20161209,2301,2,4,0519,595,000000000099,000000040000,01
20161209,2301,2,4,0519,491,000000000100,000000030000,01
20161209,2301,2,5,0519,241,000000000101,000000010000,01
20161209,2302,2,4,0519,891,000000000102,000000020000,01
20161209,2302,2,5,0519,924,000000000103,000000002000,01
20161209,2302,2,4,0519,073,000000000104,000000000200,01
20161209,2302,2,4,0519,598,000000000105,000000020000,01
20161209,2302,2,4,0519,193,000000000106,000000010000,01
20161209,2302,2,4,0519,277,000000000107,000000120000,01
20161209,2302,2,4,0519,097,000000000108,000000010000,01
20161209,2302,2,4,0519,334,000000000109,000000050000,01
20161209,2302,2,4,0519,687,000000000110,000000030000,01
20161209,2303,2,4,0519,489,000000000111,000000100000,01
20161209,2303,2,5,0519,571,000000000112,000000050000,01
20161209,2303,2,4,0519,590,000000000113,000000020000,01
20161209,2303,2,5,0519,738,000000000114,000000010000,01
20161209,2303,2,6,0519,002,000000000115,000000150000,01
20161209,2303,2,5,0519,541,000000000116,000000010000,01
20161209,2303,2,5,0519,171,000000000117,000000050000,01
20161209,2303,2,5,0519,085,000000000118,000000020000,01
20161209,2304,2,4,0519,191,000000000119,000000020000,01
20161209,2304,2,4,0519,891,000000000120,000000150000,01
20161209,2304,2,4,0519,298,000000000121,000000050000,01
20161209,2304,2,4,0519,790,000000000122,000000030000,01
20161209,2304,2,4,0519,695,000000000123,000000020000,01
20161209,2304,2,4,0519,116,000000000124,000000200000,01
20161209,2304,2,4,0519,683,000000000125,000000025000,01
20161209,2305,2,5,0519,846,000000000126,000000200000,01
20161209,2305,2,4,0519,496,000000000127,000000050000,01
20161209,2305,2,4,0519,090,000000000128,000000100000,01
20161209,2305,2,4,0519,197,000000000129,000000200000,01
20161209,2305,2,5,0519,541,000000000130,000000010000,01
20161209,2305,2,4,0519,888,000000000131,000000050000,01
20161209,2305,2,5,0519,934,000000000132,000000020000,01
20161209,2305,2,4,0519,632,000000000133,000000010000,01
20161209,2305,2,5,0519,903,000000000134,000000200000,01
20161209,2306,2,5,0519,633,000000000135,000000005000,01
20161209,2306,2,4,0519,571,000000000136,000000050000,01
20161209,2306,2,4,0519,293,000000000137,000000050000,01
20161209,2306,2,4,0519,085,000000000138,000000020000,01
20161209,2306,2,4,0519,243,000000000139,000000100000,01
20161209,2306,2,4,0519,497,000000000140,000000030000,01
20161209,2306,2,5,0519,962,000000000141,000000100000,01
20161209,2307,2,5,0519,188,000000000142,000000500000,01
20161209,2307,2,4,0519,499,000000000143,000000010000,01
20161209,2307,2,5,0519,942,000000000144,000000100000,01
20161209,2307,2,4,0519,781,000000000145,000000025000,01
20161209,2307,2,4,0519,685,000000000146,000000050000,01
20161209,2308,2,6,0519,003,000000000147,000000200000,01
20161209,2308,2,4,0519,826,000000000148,000000100000,01
20161209,2308,2,4,0519,198,000000000149,000000100000,01
20161209,2308,2,6,0519,051,000000000150,000001000000,01
20161209,2308,2,4,0519,795,000000000151,000000030000,01
20161209,2308,2,4,0519,467,000000000152,000000100000,01
20161209,2308,2,4,0519,890,000000000153,000000020000,01
20161209,2308,2,4,0519,453,000000000154,000000200000,01
20161209,2308,2,4,0519,093,000000000155,000000250000,01
20161209,2308,2,6,0519,006,000000000156,000000500000,01
20161209,2308,2,4,0519,321,000000000157,000000060000,01
20161209,2308,2,4,0519,786,000000000158,000000300000,01
20161209,2309,2,4,0519,596,000000000159,000000040000,01
20161209,2309,2,6,0519,000,000000000160,000000100000,01
20161209,2309,2,4,0519,594,000000000161,000000030000,01
20161209,2309,2,5,0519,691,000000000162,000000010000,01
20161209,2309,2,5,0519,422,000000000163,000000002000,01
20161209,2309,2,5,0519,023,000000000164,000000050000,01
20161209,2309,2,5,0519,101,000000000165,000000015000,01
20161209,2310,2,4,0519,743,000000000166,000000100000,01
20161209,2310,2,4,0519,475,000000000167,000000020000,01
20161209,2310,2,4,0519,493,000000000168,000000030000,01
20161209,2310,2,4,0519,193,000000000169,000000100000,01
20161209,2310,2,5,0519,465,000000000170,000000020000,01
20161209,2310,2,4,0519,693,000000000171,000000035000,01
20161209,2310,2,4,0519,892,000000000172,000000010000,01
20161209,2310,2,4,0519,292,000000000173,000000020000,01
20161209,2310,2,5,0519,976,000000000174,000000005000,01
20161209,2310,2,5,0519,664,000000000175,000000002000,01
20161209,2311,2,5,0519,711,000000000176,000000005000,01
20161209,2311,2,4,0519,699,000000000177,000000050000,01
20161209,2311,2,4,0519,638,000000000178,000000500000,01
20161209,2311,2,4,0519,450,000000000179,000000100000,01
20161209,2311,2,5,0519,673,000000000180,000000150000,01
20161209,2312,2,6,0519,001,000000000181,000000150000,01
20161209,2312,2,5,0519,543,000000000182,000000010000,01
20161209,2312,2,4,0519,198,000000000183,000000010000,01
20161209,2313,2,4,0519,395,000000000184,000000050000,01
20161209,2314,2,5,0519,307,000000000185,000000050000,01
20161209,2314,2,4,0519,515,000000000186,000000030000,01
20161209,2315,2,4,0519,257,000000000187,000000100000,01
20161209,2315,2,4,0519,302,000000000188,000000050000,01
20161209,2315,2,4,0519,596,000000000189,000000025000,01
20161209,2316,2,4,0519,323,000000000190,000000030000,01
20161209,2316,2,4,0519,355,000000000191,000000100000,01
20161209,2316,2,5,0519,834,000000000192,000000050000,01
20161209,2316,2,4,0519,503,000000000193,000001250000,01
20161209,2317,2,4,0519,698,000000000194,000000050000,01
20161209,2317,2,4,0519,499,000000000195,000000100000,01
20161209,2317,2,4,0519,334,000000000196,000000010000,01
20161209,2317,2,4,0519,796,000000000197,000000020000,01
20161209,2317,2,4,0519,198,000000000198,000000020000,01
20161209,2317,2,5,0519,544,000000000199,000000300000,01
20161209,2318,2,4,0519,992,000000000200,000000020000,01
20161209,2318,2,4,0519,588,000000000201,000000030000,01
20161209,2318,2,5,0519,702,000000000202,000000050000,01
20161209,2319,2,4,0519,595,000000000203,000000200000,01
20161209,2319,2,5,0519,412,000000000204,000000030000,01
20161209,2319,2,4,0519,192,000000000205,000000050000,01
20161209,2319,2,4,0519,291,000000000206,000000050000,01
20161209,2319,2,4,0519,196,000000000207,000000100000,01
20161209,2319,2,4,0519,198,000000000208,000000010000,01
20161209,2319,2,4,0519,974,000000000209,000000030000,01
20161209,2319,2,4,0519,297,000000000210,000000050000,01
20161209,2320,2,5,0519,098,000000000211,000000005000,01
20161209,2320,2,4,0519,692,000000000212,000000050000,01
20161209,2320,2,4,0519,996,000000000213,000000500000,01
20161209,2320,2,5,0519,875,000000000214,000001000000,01
20161209,2320,2,4,0519,487,000000000215,000000100000,01
20161209,2320,2,5,0519,982,000000000216,000000050000,01
20161209,2321,2,4,0519,799,000000000217,000000007000,01
20161209,2321,2,4,0519,383,000000000218,000000035000,01
20161209,2321,2,4,0519,817,000000000219,000000050000,01
20161209,2322,2,5,0519,443,000000000220,000000020000,01
20161209,2322,2,4,0519,122,000000000221,000000050000,01
20161209,2322,2,4,0519,996,000000000222,000000050000,01
20161209,2322,2,4,0519,895,000000000223,000000050000,01
20161209,2322,2,5,0519,281,000000000224,000000065000,01
20161209,2323,2,4,0519,599,000000000225,000000030000,01
20161209,2323,2,6,0519,001,000000000226,000000100000,01
20161209,2323,2,4,0519,895,000000000227,000000100000,01
20161209,2323,2,4,0519,927,000000000228,000000010000,01
20161209,2323,2,4,0519,497,000000000229,000000005000,01
20161209,2323,2,5,0519,560,000000000230,000000100000,01
20161209,2323,2,5,0519,453,000000000231,000000030000,01
20161209,2323,2,4,0519,998,000000000232,000000100000,01
20161209,2323,2,4,0519,190,000000000233,000000050000,01
20161209,2323,2,5,0519,167,000000000234,000000010000,01
20161209,2324,2,4,0519,392,000000000235,000000100000,01
20161209,2324,2,4,0519,873,000000000236,000000030000,01
20161209,2324,2,5,0519,836,000000000237,000000010000,01
20161209,2324,2,4,0519,295,000000000238,000000200000,01
20161209,2324,2,4,0519,090,000000000239,000000030000,01
20161209,2325,2,4,0519,692,000000000240,000000050000,01
20161209,2325,2,4,0519,099,000000000241,000000030000,01
20161209,2325,2,4,0519,897,000000000242,000000030000,01
20161209,2325,2,4,0519,283,000000000243,000000150000,01
20161209,2325,2,4,0519,692,000000000244,000000020000,01
20161209,2325,2,4,0519,691,000000000245,000000010000,01
20161209,2325,2,4,0519,914,000000000246,000000020000,01
20161209,2326,2,4,0519,263,000000000247,000000030000,01
20161209,2326,2,4,0519,590,000000000248,000000005000,01
20161209,2326,2,4,0519,096,000000000249,000000060000,01
20161209,2326,2,4,0519,111,000000000250,000000050000,01
20161209,2326,2,4,0519,974,000000000251,000000005000,01
20161209,2327,2,5,0519,341,000000000252,000000050000,01
20161209,2327,2,4,0519,041,000000000253,000000050000,01
20161209,2327,2,4,0519,587,000000000254,000000050000,01
20161209,2327,2,4,0519,094,000000000255,000000100000,01
20161209,2328,2,5,0519,679,000000000256,000000030000,01
20161209,2329,2,5,0519,554,000000000257,000000100000,01
20161209,2329,2,4,0519,091,000000000258,000000100000,01
20161209,2329,2,5,0519,154,000000000259,000000050000,01
20161209,2329,2,4,0519,009,000000000260,000000300000,01
20161209,2329,2,5,0519,731,000000000261,000000050000,01
20161209,2329,2,4,0519,997,000000000262,000000030000,01
20161209,2329,2,5,0519,962,000000000263,000000040000,01
20161209,2330,2,5,0519,491,000000000264,000000100000,01
20161209,2333,2,5,0519,634,000000000266,000000100000,01
20161209,2333,2,4,0519,893,000000000267,000000050000,01
20161209,2333,2,4,0519,894,000000000268,000000050000,01
20161209,2334,2,5,0519,191,000000000269,000000010000,01
20161209,2334,2,4,0519,582,000000000270,000000500000,01
20161209,2335,2,4,0519,493,000000000271,000000010000,01
20161209,2335,2,5,0519,957,000000000272,000000500000,01
20161209,2335,2,4,0519,595,000000000273,000000030000,01
20161209,2336,2,4,0519,990,000000000274,000000010000,01
20161209,2336,2,5,0519,440,000000000275,000000020000,01
20161209,2336,2,4,0519,397,000000000276,000000040000,01
20161209,2336,2,4,0519,995,000000000277,000000010000,01
20161209,2337,2,4,0519,470,000000000278,000000030000,01
20161209,2337,1,4,4629,790,000000011623,000000020000,15
20161209,2337,2,4,0519,385,000000000279,000000010000,01
20161209,2339,2,4,0519,362,000000000280,000000050000,01
20161209,2339,2,4,0519,897,000000000281,000000050000,01
20161209,2340,2,4,0519,898,000000000282,000000100000,01
20161209,2340,2,4,0519,682,000000000283,000000500000,01
20161209,2340,2,5,0519,241,000000000284,000000050000,01
20161209,2340,2,5,0519,374,000000000285,000000100000,01
20161209,2341,2,5,0519,667,000000000286,000000050000,01
20161209,2341,2,4,0519,897,000000000287,000000050000,01
20161209,2341,2,6,0519,007,000000000288,000000030000,01
20161209,2341,2,4,0519,225,000000000289,000000030000,01
20161209,2341,2,4,0519,898,000000000290,000000100000,01
20161209,2342,2,4,0519,740,000000000291,000000025000,01
20161209,2342,2,5,0519,410,000000000292,000000000300,01
20161209,2342,2,5,0519,640,000000000293,000000050000,01
20161209,2342,2,5,0519,767,000000000294,000000030000,01
20161209,2342,2,4,0519,027,000000000295,000000100000,01
20161209,2342,2,4,0519,091,000000000296,000000050000,01
20161209,2342,2,4,0519,788,000000000297,000000030000,01
20161209,2342,2,4,0519,202,000000000298,000000030000,01
20161209,2344,2,4,0519,496,000000000299,000000050000,01
20161209,2344,2,4,0519,727,000000000300,000000050000,01
20161209,2344,2,4,0519,548,000000000301,000000010000,01
20161209,2345,2,4,0519,489,000000000302,000000100000,01
20161209,2345,2,4,0519,495,000000000303,000000020000,01
20161209,2346,2,4,0519,390,000000000304,000000030000,01
20161209,2346,2,5,0519,277,000000000305,000000050000,01
20161209,2347,2,4,0519,043,000000000306,000000020000,01
20161209,2347,2,5,0519,135,000000000307,000000050000,01
20161209,2348,2,4,0519,113,000000000308,000000010000,01
20161209,2348,2,4,0519,380,000000000309,000000050000,01
20161209,2349,2,4,0519,048,000000000310,000002000000,01
20161209,2350,2,4,0519,873,000000000311,000000100000,01
20161209,2351,2,4,0519,597,000000000312,000000050000,01
20161209,2351,2,4,0519,840,000000000313,000001000000,01
20161209,2351,2,4,0519,873,000000000314,000000100000,01
20161209,2352,2,4,0519,281,000000000315,000000150000,01
20161209,2352,2,4,0519,236,000000000316,000000070000,01
20161209,2352,2,5,0519,277,000000000317,000000025000,01
20161209,2352,2,4,0519,389,000000000318,000000100000,01
20161209,2352,2,4,0519,291,000000000319,000000015000,01
20161209,2352,2,5,0519,805,000000000320,000000050000,01
20161209,2352,2,4,0519,859,000000000321,000000020000,01
20161209,2352,2,4,0519,190,000000000322,000000030000,01
20161209,2353,2,4,0519,576,000000000323,000000020000,01
20161209,2353,2,4,0519,870,000000000324,000000050000,01
20161209,2353,2,5,0519,408,000000000325,000000300000,01
20161209,2353,2,4,0519,198,000000000326,000000020000,01
20161209,2353,2,4,0519,091,000000000327,000000050000,01
20161209,2353,2,4,0519,190,000000000328,000000050000,01
20161209,2353,2,5,0519,347,000000000329,000000100000,01
20161209,2354,2,4,0519,115,000000000330,000000015000,01
20161209,2354,2,4,0519,097,000000000331,000000020000,01
20161209,2355,2,5,0519,074,000000000332,000000010000,01
20161209,2355,2,4,0519,899,000000000333,000000020000,01
20161209,2355,2,4,0519,572,000000000334,000000050000,01
20161209,2355,2,4,0519,792,000000000335,000000010000,01
20161209,2356,2,4,0519,991,000000000336,000000050000,01
20161209,2356,2,4,0519,393,000000000337,000000050000,01
20161209,2357,2,4,0519,187,000000000338,000000020000,01
20161209,2357,1,4,4629,793,000000011484,000001000000,15
20161209,2358,2,4,0519,932,000000000339,000000030000,01
20161209,2358,2,4,0519,793,000000000340,000000000400,01
20161209,2358,2,4,0519,285,000000000341,000000030000,01
20161209,2358,2,4,0519,387,000000000342,000000010000,01
20161209,2359,2,4,0519,196,000000000343,000000100000,01
20161209,2359,2,4,0519,449,000000000344,000000100000,01
20161209,2359,2,4,0519,197,000000000345,000000020000,01
20161209,2359,2,4,0519,197,000000000346,000000100000,01
20161210,0000,2,4,0519,172,000000000347,000000100000,01
20161210,0000,2,4,0519,389,000000000348,000000100000,01
20161210,0000,2,4,0519,291,000000000349,000000000500,01
20161210,0000,2,5,0519,399,000000000350,000000010000,01
20161210,0000,2,4,0519,264,000000000351,000000050000,01
20161210,0001,2,5,0519,290,000000000352,000000010000,01
20161210,0001,2,4,0519,233,000000000353,000000030000,01
20161210,0002,2,4,0519,395,000000000354,000000020000,01
20161210,0002,2,4,0519,699,000000000355,000000030000,01
20161210,0002,2,4,0519,592,000000000356,000000015000,01
20161210,0002,2,5,0519,282,000000000357,000000010000,01
20161210,0003,2,4,0519,694,000000000358,000000025000,01
20161210,0004,2,4,0519,088,000000000359,000000050000,01
20161210,0004,2,4,0519,593,000000000360,000000025000,01
20161210,0005,2,4,0519,191,000000000361,000000050000,01
20161210,0007,2,5,0519,773,000000000362,000000025000,01
20161210,0007,2,4,0519,640,000000000363,000000000200,01
20161210,0007,2,5,0519,514,000000000364,000000030000,01
20161210,0007,2,5,0519,808,000000000365,000000020000,01
20161210,0007,2,4,0519,439,000000000366,000000020000,01
20161210,0008,2,4,0519,399,000000000367,000000010000,01
20161210,0008,2,4,0519,796,000000000368,000000005000,01
20161210,0009,2,5,0519,391,000000000369,000000010000,01
20161210,0009,2,5,0519,492,000000000370,000000010000,01
20161210,0009,2,4,0519,285,000000000371,000000010000,01
20161210,0010,2,5,0519,163,000000000372,000000002000,01
20161210,0010,2,4,0519,089,000000000373,000000010000,01
20161210,0010,2,4,0519,994,000000000374,000000020000,01
20161210,0011,2,4,0519,394,000000000375,000000030000,01
20161210,0011,2,4,0519,690,000000000376,000000100000,01
20161210,0011,2,4,0519,493,000000000377,000000000861,01
20161210,0011,2,4,0519,904,000000000378,000000035000,01
20161210,0012,2,4,0519,333,000000000379,000000200000,01
20161210,0012,2,6,0519,004,000000000380,000002500000,01
20161210,0012,2,6,0519,020,000000000381,000000100000,01
20161210,0012,2,4,0519,635,000000000382,000000010000,01
20161210,0013,2,5,0519,971,000000000383,000000100000,01
20161210,0013,2,4,0519,649,000000000384,000000030000,01
20161210,0013,2,4,0519,899,000000000385,000000100000,01
20161210,0013,2,4,0519,973,000000000386,000000010000,01
20161210,0013,2,4,0519,595,000000000387,000000020000,01
20161210,0013,2,4,0519,555,000000000388,000000030000,01
20161210,0013,2,4,0519,798,000000000389,000000010000,01
20161210,0013,2,4,0519,893,000000000390,000000100000,01
20161210,0013,2,4,0519,781,000000000391,000000500000,01
20161210,0013,2,4,0519,693,000000000392,000000030000,01
20161210,0013,2,4,0519,095,000000000393,000000010000,01
20161210,0013,2,4,0519,846,000000000394,000000100000,01
20161210,0013,2,5,0519,168,000000000395,000000200000,01
20161210,0014,2,4,0519,185,000000000396,000000100000,01
20161210,0014,2,4,0519,674,000000000397,000000050000,01
20161210,0014,2,4,0519,660,000000000398,000000050000,01
20161210,0014,2,4,0519,704,000000000399,000000500000,01
20161210,0014,2,4,0519,412,000000000400,000000005000,01
20161210,0015,2,4,0519,499,000000000401,000000020000,01
20161210,0015,2,4,0519,443,000000000402,000000050000,01
20161210,0015,2,4,0519,290,000000000403,000000100000,01
20161210,0015,2,5,0519,557,000000000404,000000050000,01
20161210,0015,2,5,0519,838,000000000405,000000010000,01
20161210,0015,2,4,0519,032,000000000406,000000015000,01
20161210,0016,2,4,0519,947,000000000407,000000025000,01
20161210,0016,2,5,0519,837,000000000408,000000010000,01
20161210,0016,2,5,0519,837,000000000409,000000010000,01
20161210,0016,2,4,0519,795,000000000410,000002000000,01
20161210,0016,2,4,0519,592,000000000411,000000050000,01
20161210,0016,2,5,0519,201,000000000412,000000015000,01
20161210,0016,2,4,0519,980,000000000413,000000020000,01
20161210,0016,2,4,0519,582,000000000414,000000250000,01
20161210,0016,2,5,0519,711,000000000415,000000015000,01
20161210,0016,2,4,0519,107,000000000416,000000050000,01
20161210,0016,2,4,0519,496,000000000417,000000020000,01
20161210,0016,2,4,0519,798,000000000418,000000050000,01
20161210,0016,2,4,0519,291,000000000419,000000100000,01
20161210,0016,2,4,0519,591,000000000420,000000001000,01
20161210,0016,2,4,0519,591,000000000421,000000001000,01
20161210,0016,2,4,0519,591,000000000422,000000001000,01
20161210,0017,2,4,0519,045,000000000423,000000100000,01
20161210,0017,2,4,0519,536,000000000424,000000100000,01
20161210,0017,2,4,0519,725,000000000425,000000100000,01
20161210,0017,2,4,0519,692,000000000426,000000010000,01
20161210,0017,2,4,0519,621,000000000427,000000500000,01
20161210,0017,2,4,0519,208,000000000428,000000010000,01
20161210,0017,2,4,0519,198,000000000429,000000010000,01
20161210,0018,2,5,0519,777,000000000430,000000050000,01
20161210,0018,2,4,0519,091,000000000431,000000025000,01
20161210,0018,2,4,0519,490,000000000432,000001000000,01
20161210,0018,2,4,0519,595,000000000433,000000020000,01
20161210,0018,2,4,0519,904,000000000434,000000010000,01
20161210,0018,2,5,0519,569,000000000435,000000200000,01
20161210,0018,2,4,0519,751,000000000436,000000100000,01
20161210,0018,2,4,0519,390,000000000437,000001000000,01
20161210,0018,2,4,0519,199,000000000438,000000050000,01
20161210,0019,2,4,0519,796,000000000439,000000050000,01
20161210,0019,2,4,0519,186,000000000440,000000100000,01
20161210,0019,2,4,0519,892,000000000441,000000030000,01
20161210,0019,2,4,0519,892,000000000442,000000030000,01
20161210,0019,2,4,0519,099,000000000443,000000030000,01
20161210,0019,2,4,0519,489,000000000444,000000015000,01
20161210,0020,2,4,0519,386,000000000445,000000200000,01
20161210,0020,2,4,0519,199,000000000446,000000030000,01
20161210,0020,2,4,0519,798,000000000447,000000100000,01
20161210,0020,2,4,0519,889,000000000448,000000150000,01
20161210,0020,2,4,0519,693,000000000449,000000020000,01
20161210,0021,2,4,0519,592,000000000450,000000100000,01
20161210,0021,2,4,0519,909,000000000451,000001000000,01
20161210,0021,2,4,0519,849,000000000452,000000050000,01
20161210,0021,2,5,0519,044,000000000453,000001500000,01
20161210,0022,2,4,0519,040,000000000454,000000100000,01
20161210,0023,2,4,0519,299,000000000455,000001000000,01
20161210,0023,2,4,0519,627,000000000456,000000100000,01
20161210,0023,2,4,0519,723,000000000457,000000100000,01
20161210,0024,2,4,0519,697,000000000458,000000020000,01
20161210,0024,2,4,0519,410,000000000459,000000030000,01
20161210,0024,2,4,0519,915,000000000460,000000050000,01
20161210,0024,2,5,0519,707,000000000461,000000030000,01
20161210,0024,2,4,0519,090,000000000462,000000025000,01
20161210,0025,2,4,0519,164,000000000463,000000060000,01
20161210,0025,2,4,0519,305,000000000464,000000060000,01
20161210,0025,2,4,0519,105,000000000465,000000020000,01
20161210,0025,2,4,0519,698,000000000466,000000030000,01
20161210,0025,2,4,0519,212,000000000468,000000300000,01
20161210,0025,2,4,0519,390,000000000469,000000025000,01
20161210,0026,2,4,0519,183,000000000470,000000300000,01
20161210,0026,2,4,0519,199,000000000471,000000050000,01
20161210,0026,2,4,0519,299,000000000472,000000050000,01
20161210,0026,2,5,0519,421,000000000474,000000005000,01
20161210,0026,2,6,0519,015,000000000475,000000300000,01
20161210,0027,2,4,0519,744,000000000477,000000300000,01
20161210,0027,2,4,0519,696,000000000478,000000005000,01
20161210,0027,2,5,0519,312,000000000479,000000030000,01
20161210,0027,2,4,0519,599,000000000481,000000020000,01
20161210,0028,2,5,0519,652,000000000482,000000050000,01
20161210,0028,2,4,0519,082,000000000484,000000025000,01
20161210,0028,2,4,0519,298,000000000485,000000010000,01
20161210,0028,2,4,0519,493,000000000486,000000035000,01
20161210,0029,2,4,0519,056,000000000487,000000200000,01
20161210,0029,2,5,0519,563,000000000488,000002070000,01
20161210,0029,2,4,0519,494,000000000489,000000250000,01
20161210,0029,2,4,0519,385,000000000490,000000020000,01
20161210,0029,2,4,0519,188,000000000492,000000010000,01
20161210,0030,2,4,0519,093,000000000493,000000020000,01
20161210,0030,2,4,0519,389,000000000494,000000010000,01
20161210,0031,2,4,0519,091,000000000496,000000050000,01
20161210,0031,2,4,0519,891,000000000498,000000020000,01
20161210,0031,2,5,0519,587,000000000500,000001000000,01
20161210,0032,2,4,0519,695,000000000502,000000010000,01
20161210,0032,2,4,0519,697,000000000503,000000020000,01
20161210,0033,2,4,0519,792,000000000506,000000700000,01
20161210,0033,2,4,0519,489,000000000508,000001000000,01
20161210,0034,2,5,0519,693,000000000512,000000095000,01
20161210,0034,2,4,0519,968,000000000513,000000000100,01
20161210,0035,2,4,0519,751,000000000515,000000100000,01
20161209,2223,4,4,0519,999,000000289103,000000030000,01
20161210,0036,2,5,0519,712,000000000518,000000020000,01
20161209,2226,4,4,0870,999,000000562556,000000030000,01
20161209,2236,1,1,4629,000,000000011917,000000010000,15
20161209,2241,4,4,0519,999,000000289463,000000050000,01
20161209,2242,4,4,0870,999,000000563073,000000020000,01
20161209,2242,4,4,0519,999,000000289476,000000050000,01
20161209,2242,1,1,4629,000,000000011509,000000002000,15
20161209,2248,4,4,0870,999,000000563246,000000050000,01
20161209,2249,1,1,4629,000,000000011500,000000005350,15
20161209,2253,6,1,4629,000,000000011922,000000335700,15
20161209,2254,6,1,4629,000,000000011927,000000174450,15
20161209,2255,4,4,0519,999,000000289763,000000020000,01
20161209,2259,4,4,0870,999,000000563540,000000020000,01
20161210,0037,2,4,0519,697,000000000520,000000150000,01
20161209,2301,4,4,0870,999,000000563609,000000020000,01
20161209,2302,1,1,4629,000,000000011639,000000002000,15
20161209,2302,4,4,0870,999,000000563636,000000200000,01
20161209,2302,4,4,0870,999,000000563642,000000060000,01
20161209,2302,1,1,4629,000,000000011400,000000004700,15
20161209,2303,1,1,4629,000,000000011878,000000005000,15
20161209,2305,1,1,4629,000,000000011644,000000044950,15
20161209,2306,1,1,4629,000,000000011848,000000002000,15
20161209,2306,1,1,4629,000,000000011515,000000002000,15
20161209,2306,4,4,0519,999,000000289962,000000100000,01
20161209,2308,4,4,0519,999,000000289985,000000005000,01
20161209,2308,4,4,0519,999,000000289994,000000050000,01
20161209,2309,4,4,0870,999,000000563808,000000020000,01
20161210,0037,2,6,0519,001,000000000522,000000300000,01
20161209,2311,1,1,4629,000,000000011703,000000044500,15
20161209,2311,1,1,4629,000,000000011479,000000010000,15
20161209,2312,1,1,4629,000,000000011723,000000007000,15
20161209,2313,1,1,4629,000,000000011613,000000014000,15
20161209,2314,6,1,4629,000,000000011449,000000024500,15
20161209,2314,6,1,4629,000,000000011932,000000016500,15
20161209,2314,4,4,0519,999,000000290099,000000030000,01
20161209,2315,4,4,0870,999,000000563984,000000040000,01
20161209,2315,1,1,4629,000,000000011653,000000004200,15
20161209,2317,6,1,4629,000,000000011521,000000137600,15
20161209,2317,4,4,0519,999,000000290147,000000100000,01
20161209,2318,6,1,4629,000,000000011937,000000118200,15
20161209,2322,4,4,0870,999,000000564149,000000001700,01
20161209,2327,4,4,0870,999,000000564238,000000050000,01
20161209,2327,1,1,4629,000,000000011456,000000007000,15
20161209,2328,1,1,4629,000,000000011735,000000001000,15
20161209,2329,4,4,0870,999,000000564293,000000500000,01
20161209,2331,4,4,0870,999,000000564324,000000030000,01
20161209,2331,1,1,4629,000,000000011942,000000020000,15
20161209,2337,4,4,0870,999,000000564471,000000100000,01
20161209,2338,4,4,0870,999,000000564502,000000050000,01
20161209,2339,4,4,0870,999,000000564515,000000100000,01
20161209,2339,4,4,0870,999,000000564523,000000010000,01
20161209,2340,4,4,0519,999,000000290513,000000020000,01
20161209,2348,1,1,4629,000,000000011838,000000005000,15
20161209,2349,4,4,0519,999,000000290598,000000020000,01
20161209,2350,1,1,4629,000,000000011474,000000040000,15
20161209,2354,6,1,4629,000,000000011947,000000160850,15
20161209,2355,1,1,4629,000,000000011649,000000020000,15
20161209,2358,6,1,4629,000,000000011394,000000098100,15
20161210,0003,1,1,4629,000,000000011908,000000005000,15
20161210,0004,1,1,4629,000,000000011666,000000050000,15
20161210,0008,1,1,4629,000,000000011368,000000010000,15
20161210,0012,4,4,0519,999,000000290641,000000050000,01
20161210,0012,4,4,0870,999,000000564715,000000200000,01
20161210,0013,4,4,0870,999,000000564727,000000040000,01
20161210,0014,4,4,0870,999,000000564756,000000100000,01
20161210,0015,4,4,0870,999,000000564768,000000200000,01
20161210,0015,1,1,4629,000,000000011365,000000050000,15
20161210,0016,4,4,0519,999,000000290687,000000050000,01
20161210,0019,4,4,0870,999,000000564813,000000020000,01
20161210,0026,4,4,0870,999,000000564877,000000100000,01
20161210,0028,4,4,0870,999,000000564907,000000010000,01
20161210,0030,4,4,0870,999,000000564932,000000010000,01
20161210,0032,1,1,4629,000,000000011743,000000020000,15
20161210,0034,4,4,0519,999,000000290806,000000050000,01
20161210,0038,2,4,0519,968,000000000527,000000099900,01
20161210,0040,2,4,0519,721,000000000532,000000100000,01
20161210,0040,2,4,0519,696,000000000535,000000060000,01
20161210,0041,2,4,0519,699,000000000537,000000200000,01
20161210,0041,2,5,0519,243,000000000539,000000010000,01
20161210,0041,2,5,0519,028,000000000541,000000200000,01
20161210,0041,2,4,0519,495,000000000542,000000050000,01
20161210,0041,2,5,0519,860,000000000543,000000050000,01
20161210,0042,2,4,0519,196,000000000546,000000075000,01
20161210,0042,2,4,0519,190,000000000549,000000010000,01
20161210,0042,2,6,0519,008,000000000550,000000100000,01
20161210,0045,2,4,0519,773,000000000558,000000300000,01
20161210,0046,6,1,4629,000,000000011884,000000087530,15
20161210,0046,2,5,0519,591,000000000563,000000500000,01
20161210,0047,6,1,4629,000,000000011594,000000114310,15
20161210,0047,2,4,0519,597,000000000565,000000050000,01
20161210,0047,2,4,0519,391,000000000566,000000050000,01
20161210,0048,1,1,4629,000,000000011689,000000060000,15
20161210,0048,6,1,4629,000,000000011510,000000087800,15
20161210,0048,4,4,0870,999,000000565083,000000050000,01
20161210,0048,1,1,4629,000,000000011952,000000010000,15
20161210,0048,2,4,0519,699,000000000572,000000020000,01
20161210,0049,1,1,4629,000,000000011640,000000100000,15
20161210,0049,2,4,0519,194,000000000574,000000030000,01
20161210,0049,1,1,4629,000,000000011957,000000050000,15
20161210,0049,1,1,4629,000,000000011879,000000050000,15
20161210,0049,1,1,4629,000,000000011645,000000050000,15
20161210,0051,2,4,0519,254,000000000581,000000150000,01
20161210,0052,2,4,0519,193,000000000584,000000000100,01
20161210,0052,2,4,0519,620,000000000585,000000030000,01
20161210,0052,2,6,0519,002,000000000586,000000300000,01
20161210,0053,2,4,0519,116,000000000589,000000100000,01
20161210,0053,2,4,0519,496,000000000592,000000100000,01
20161210,0055,2,5,0519,188,000000000599,000000050000,01
20161210,0055,2,4,0519,589,000000000600,000000100000,01
20161210,0055,2,5,0519,047,000000000601,000000050000,01
20161210,0055,2,4,0519,711,000000000603,000000010000,01
20161210,0055,2,5,0519,442,000000000604,000000050000,01
20161210,0056,2,4,0519,974,000000000606,000000030000,01
20161210,0056,2,4,0519,894,000000000609,000000250000,01
20161210,0057,2,4,0519,299,000000000612,000000050000,01
20161210,0059,2,5,0519,692,000000000618,000000001000,01
20161210,0059,2,4,0519,499,000000000622,000000050000,01
20161210,0100,2,5,0519,963,000000000625,000000050000,01
20161210,0100,2,4,0519,870,000000000628,000001000000,01
20161210,0101,2,4,0519,391,000000000629,000000050000,01
20161210,0101,2,4,0519,168,000000000631,000000030000,01
20161210,0101,2,4,0519,587,000000000632,000000010000,01
20161210,0102,2,4,0519,192,000000000637,000000010000,01
20161210,0102,2,4,0519,794,000000000638,000000200000,01
20161210,0102,4,4,0519,999,000000290976,000000050000,01
20161210,0102,2,4,0519,241,000000000639,000000100000,01
20161210,0103,2,4,0519,091,000000000641,000001000000,01
20161210,0103,2,4,0519,347,000000000642,000000050000,01
20161210,0103,2,5,0519,818,000000000643,000000090000,01
20161210,0103,2,4,0519,396,000000000644,000000020000,01
20161210,0104,2,5,0519,440,000000000646,000000020000,01
20161210,0104,2,4,0519,070,000000000648,000000020000,01
20161210,0105,2,4,0519,897,000000000650,000000025000,01
20161210,0107,2,4,0519,483,000000000657,000000100000,01
20161210,0108,2,4,0519,498,000000000660,000000050000,01
20161210,0109,2,4,0519,797,000000000662,000000050000,01
20161210,0109,2,4,0519,386,000000000663,000000050000,01
20161210,0110,2,4,0519,399,000000000665,000000050000,01
20161210,0110,2,4,0519,594,000000000666,000000030000,01
20161210,0111,2,6,0519,009,000000000667,000001000000,01
20161210,0112,2,4,0519,415,000000000669,000000100000,01
20161210,0112,2,4,0519,299,000000000671,000000020000,01
20161210,0112,2,4,0519,892,000000000672,000000015000,01
20161210,0113,2,4,0519,630,000000000673,000000050000,01
20161210,0113,2,4,0519,198,000000000674,000000100000,01
20161210,0117,2,4,0519,835,000000000679,000000020000,01
20161210,0117,2,4,0519,232,000000000680,000000010000,01
20161210,0117,2,4,0519,642,000000000681,000000200000,01
20161210,0118,2,4,0519,905,000000000683,000000015000,01
20161210,0119,4,4,0519,999,000000291046,000000020000,01
20161210,0120,2,4,0519,095,000000000684,000000010000,01
20161210,0120,2,5,0519,392,000000000685,000000050000,01
20161210,0121,2,5,0519,126,000000000686,000000300000,01
20161210,0121,4,4,0870,999,000000565314,000000050000,01
20161210,0121,2,5,0519,534,000000000688,000000200000,01
20161210,0123,2,4,0519,162,000000000692,000000100000,01
20161210,0123,2,4,0519,157,000000000694,000000020000,01
20161210,0123,2,5,0519,027,000000000696,000000030000,01
20161210,0124,2,4,0519,405,000000000698,000000050000,01
20161210,0124,2,4,0519,296,000000000699,000000050000,01
20161210,0125,2,4,0519,799,000000000702,000000400000,01
20161210,0125,2,5,0519,802,000000000703,000000100000,01
20161210,0125,4,4,0519,999,000000291087,000000100000,01
20161210,0126,4,4,0519,999,000000291088,000000020000,01
20161210,0126,2,4,0519,347,000000000707,000000010000,01
20161210,0126,2,4,0519,617,000000000709,000000010000,01
20161210,0128,6,1,4629,000,000000011849,000000048250,15
20161210,0128,4,4,0870,999,000000565387,000000050000,01
20161210,0129,2,4,0519,298,000000000717,000000400000,01
20161210,0129,2,4,0519,641,000000000718,000000100000,01
20161210,0129,2,4,0519,131,000000000719,000000500000,01
20161210,0129,2,5,0519,757,000000000721,000000020000,01
20161210,0130,2,4,0519,885,000000000723,000000020000,01
20161210,0131,2,4,0519,309,000000000726,000000025000,01
20161210,0131,2,4,0519,332,000000000729,000000500000,01
20161210,0133,4,4,0870,999,000000565415,000000100000,01
20161210,0133,2,4,0519,596,000000000737,000001000000,01
20161210,0134,2,4,0519,929,000000000740,000000025000,01
20161210,0135,6,1,4629,000,000000011962,000000021060,15
20161210,0137,2,4,0519,705,000000000748,000000030000,01
20161210,0138,2,4,0519,097,000000000751,000000100000,01
20161210,0138,2,6,0519,060,000000000753,000000500000,01
20161210,0140,6,1,4629,000,000000011650,000000021200,15
20161210,0140,2,4,0519,592,000000000761,000000050000,01
20161210,0143,2,4,0519,196,000000000770,000000100000,01
20161210,0144,1,1,4629,000,000000011659,000000050000,15
20161210,0145,1,1,4629,000,000000011804,000000005000,15
20161210,0145,6,1,4629,000,000000011485,000000033500,15
20161210,0146,6,1,4629,000,000000011967,000000021200,15
20161210,0147,2,4,0519,796,000000000780,000000025000,01
20161210,0149,1,4,4629,691,000000011366,000000015000,15
20161210,0151,2,4,0519,378,000000000791,000000030000,01
20161210,0154,1,1,4629,000,000000011778,000000057600,15
20161210,0155,2,4,0519,293,000000000792,000000085000,01
20161210,0156,2,4,0519,793,000000000793,000000025000,01
20161210,0159,2,4,0519,193,000000000794,000000050000,01
20161210,0202,2,5,0519,693,000000000795,000000050000,01
20161210,0202,4,4,0870,999,000000565556,000000120000,01
20161210,0202,2,4,0519,391,000000000796,000000020000,01
20161210,0205,2,4,0519,139,000000000797,000000500000,01
20161210,0206,4,4,0870,999,000000565571,000000030000,01
20161210,0207,2,5,0519,702,000000000798,000000100000,01
20161210,0207,6,1,4629,000,000000011389,000000038450,15
20161210,0208,2,5,0519,373,000000000799,000000050000,01
20161210,0209,2,5,0519,274,000000000800,000000010000,01
20161210,0209,2,5,0519,274,000000000801,000000010000,01
20161210,0209,2,4,0519,698,000000000802,000000050000,01
20161210,0211,2,4,0519,619,000000000803,000000060000,01
20161210,0212,2,4,0519,734,000000000804,000000050000,01
20161210,0212,4,4,0519,999,000000291238,000000020000,01
20161210,0213,2,4,0519,699,000000000806,000000050000,01
20161210,0213,2,5,1905,190,000000000808,000000000100,01
20161210,0218,2,4,0519,294,000000000809,000000010000,01
20161210,0218,2,5,0519,733,000000000810,000000030000,01
20161210,0218,2,6,0519,006,000000000811,000000500000,01
20161210,0219,4,4,0870,999,000000565614,000000005000,01
20161210,0219,2,4,0519,895,000000000812,000000100000,01
20161210,0221,2,4,0519,793,000000000813,000000030000,01
20161210,0223,2,4,0519,295,000000000814,000000050000,01
20161210,0225,2,6,0519,003,000000000815,000000600000,01
20161210,0226,2,4,0519,710,000000000816,000000030000,01
20161210,0226,2,4,0519,692,000000000817,000000002000,01
20161210,0227,2,4,0519,979,000000000818,000000050000,01
20161210,0228,2,4,0519,294,000000000819,000000020000,01
20161210,0229,1,1,4629,000,000000011609,000000012000,15
20161210,0230,2,4,0519,596,000000000820,000000100000,01
20161210,0232,2,4,0519,781,000000000821,000000100000,01
20161210,0234,2,4,0519,598,000000000822,000000005000,01
20161210,0239,2,4,0519,895,000000000823,000000100000,01
